clients sizeMB  totalMB totaltime   totalMBps   avgtm   avgbw   max min
1   1   1   1.005952    0.994083    1.005952    0.9940831.005952    1.005952
1   10  10  1.178499    8.485370    1.178499    8.4853701.178499    1.178499
1   25  25  1.051723    23.770518   1.051723    23.770518   1.051723    1.051723
1   32  32  1.466119    21.826332   1.466119    21.826332   1.466119    1.466119
2   1   2   0.248720    8.041171    0.124360    4.0205850.250551    0.248720
2   10  20  1.225942    16.313985   0.612971    8.1569931.225942    0.479597
2   25  50  3.043271    16.429690   1.521635    8.2148453.045535    3.043271
2   32  64  3.353426    19.084960   1.676713    9.5424803.353426    2.827841
4   1   4   0.144594    27.663665   0.036149    6.9159160.144594    0.138619
4   10  40  2.130895    18.771455   0.532724    4.6928642.134948    2.130492
4   25  100 5.115155    19.549750   1.278789    4.8874375.116814    2.852071
4   32  128 5.385998    23.765326   1.346499    5.9413325.390006    4.093608
8   1   8   0.404462    19.779361   0.050558    2.4724200.404462    0.196137
8   10  80  3.964135    20.180947   0.495517    2.5226183.964135    1.719701
8   25  200 11.667761   17.141249   1.458470    2.14265611.672058   5.439556
8   32  256 10.518161   24.338855   1.314770    3.04235710.518161   5.663346
16  1   16  1.342793    11.915463   0.083925    0.7447161.342793    0.249166
16  10  160 7.460427    21.446494   0.466277    1.3404067.460427    4.232853
16  25  400 18.391092   21.749660   1.149443    1.35935418.391092   6.806195
16  32  512 27.369479   18.706969   1.710592    1.16918627.378296   11.328601
32  1   32  1.509061    21.205240   0.047158    0.6626641.509061    0.633126
32  10  320 19.114652   16.741084   0.597333    0.52315919.119477   6.271237
32  25  800 46.321505   17.270596   1.447547    0.53970650.509513   19.469448

32  32  1024    67.109227   15.258707   2.097163    0.47683570.235775   27.146561
64  1   64  2.805256    22.814317   0.043832    0.3564742.809409    1.036511
64  10  640 43.906267   14.576507   0.686035    0.22775845.314064   15.333018
64  25  1600    144.713342  11.056341   2.261146    0.172755144.713342  38.713342
64  32  2048    247.221027  8.284085    3.862829    0.129439254.786840  70.475018
128 1   128 6.917518    18.503747   0.054043    0.1445616.917518    1.546303
128 10  1280    96.570131   13.254616   0.754454    0.10355299.709926   19.508663

